-537
-700
-93
766
-331
533
-709
-653
598
935
975
-539
-136
860
958
43
-225
852
-756
920
534
506
-682
-504
374
270
256
761
636
991
-241
418
703
945
370
73
-689
72
721
751
792
184
759
279
-512
20
626
-481
819
-777
-933
-146
-795
-499
-877
-147
-522
594
171
650
-766
965
361
-828
-875
622
0
80
73
-93
460
-940
-995
-321
856
-83
-130
898
-92
-185
397
-674
-836
984
-635
-247
48
-798
-16
-8
-873
-533
397
-263
-632
-599
281
-708
207
-869
-927
175
-210
674
423
-348
884
178
-855
357
-359
740
-843
345
-352
26
-317
126
517
-618
336
-409
647
-254
-394
-983
-285
289
-247
843
-32
428
139
344
457
629
618
-110
962
225
776
-890
569
-612
-480
-81
-412
-653
811
-870
839
-52
-830
166
-802
744
-994
-764
726
943
767
281
728
748
477
964
-368
-119
-712
-953
722
433
355
591
426
549
-455
592
150
940
304
920
412
-297
-696
-295
-543
537
457
677
-559
-940
303
418
-214
-335
-154
-79
-635
-911
490
462
828
729
895
336
-483
-388
-712
744
241
-111
45
-200
-575
732
219
-528
80
617
-920
-901
449
78
-291
-937
189
-730
236
-812
537
898
-620
467
994
-557
638
-141
795
-20
-337
35
648
345
169
-778
-935
935
-948
575
-30
985
-692
-136
214
837
-192
713
-871
391
33
74
-682
722
-557
-791
504
648
-656
-972
444
969
-195
-656
685
-4
-513
-706
223
-938
76
-974
-957
-248
-569
565
-91
-264
511
737
827
-684
701
982
121
28
238
-42
-776
13
-901
943
960
227
932
-795
-666
-966
408
775
699
244
690
-690
-503
-772
651
154
746
-606
931
72
-65
-990
-46
-345
-943
119
-372
928
-874
-859
-395
-688
725
633
702
753
886
-371
367
-421
905
25
-94
444
-420
521
626
565
-199
-195
-9
407
-579
840
-573
-70
-108
416
517
-416
300
420
-14
330
95
-290
81
-844
-914
-101
-256
-218
71
899
-670
548
-146
635
-481
846
351
-3
-464
-124
965
794
850
993
497
-756
88
-537
-527
366
-914
-947
-26
-468
698
-440
-225
380
291
-884
952
-658
657
-96
-32
62
550
-218
700
193
-54
-753
-146
199
728
-873
-191
-889
-459
-515
-968
-529
261
277
899
-868
710
-474
30
999
53
977
-970
-658
-351
522
-78
879
-958
-976
-490
464
246
608
369
947
-495
-36
-715
495
324
-233
532
546
687
-85
613
-588
-838
-31
-190
540
797
923
221
437
625
207
-165
-658
-30
716
-371
-108
715
562
-319
-790
-752
-761
851
127
874
-60
722
-431
-847
871
154
548
849
600
97
621
-71
-320
-919
245
-551
-881
213
987
12
-381
427
226
4
-88
243
-335
-188
44
-633
-231
-149
-38
58
-970
362
-576
429
-100
-324
-136
-461
157
924
639
-492
-503
-987
841
717
220
96
-258
618
39
739
-147
684
214
-482
572
-428
-494
-123
-568
-278
-225
-271
94
-706
421
521
-624
-409
340
245
-138
-50
-428
-776
-58
-572
414
448
-532
-403
-609
-360
660
-802
-798
330
378
-453
-479
-232
-595
-860
-645
679
-968
-862
-435
-403
868
162
101
770
584
-892
531
-506
43
621
508
144
-822
-734
981
127
877
-560
-859
-478
-875
667
383
-727
707
-3
869
448
-117
961
692
-690
-378
-249
87
-285
212
142
-353
-280
379
-975
99
-845
-617
367
-192
-567
-990
917
928
-143
-159
53
-172
313
749
760
309
382
177
952
980
-378
411
95
-874
-943
-173
-622
440
-224
864
594
-963
899
-654
-692
-669
216
-288
-119
568
257
663
-465
44
711
840
-311
412
733
195
-427
-167
-86
-59
-691
-795
459
191
-492
211
-505
-344
-224
-474
-713
211
-503
126
669
473
722
394
980
-901
-903
-548
432
5
358
996
-40
349
-866
-213
-655
-212
-469
932
693
242
-699
73
-839
-775
-722
715
276
631
-829
-959
-867
814
-142
786
-706
772
840
992
322
-705
-324
-187
526
-935
-119
-80
-284
-164
-941
-484
-436
101
-196
-513
487
909
333
-205
-88
893
-275
860
-793
-28
132
396
-353
675
-565
903
-661
606
395
-108
-800
-850
567
-243
828
221
-998
-771
333
572
-952
-707
111
-14
-526
-406
884
-453
542
455
-640
-911
-299
861
346
923
-924
9
290
-12
139
-615
-147
675
-461
-315
344
-232
415
383
644
-855
-745
-757
-427
-763
-210
674
-429
531
327
-549
-958
-95
-571
34
726
-994
937
-499
74
-534
912
-86
758
354
313
-146
153
927
-55
797
-56
497
540
36
-192
-993
707
-73
-412
799
930
-624
-705
-55
783
-306
826
537
-874
-782
409
-651
-878
-586
388
-587
-342
-411
-770
-780
-27
-230
-592
-508
-882
-149
129
-227
245
-331
-158
448
-319
-672
-135
209
221
-223
-435
510
-858
435
-925
-952
95
-519
-285
-24
174
-703
995
-826
-741
551
364
687
9
-622
-283
-792
-211
-763
-928
-656
222
127
814
-638
85
-913
-589
-955
827
-856
-353
388
-905
-783
-988
-66
-626
876
-823
762
79
-692
-783
333
243
-645
-399
-258
-639
-916
905
251
-169
975
628
423
-1
525
-440
-353
-176
-166
-268
-577
838
-426
-855
329
-739
622
176
346
-128
601
869
875
565
596
-850
633
-622
-625
-599
457
-745
616
834
-48
755
804
-395
-47
-469
-221
-292
752
-485
204
-620
-775
410
639
-80
111
-617
-647
650
-47
-362
528
-943
525
931
-918
-899
-103
-956
989
-894
-254
707
671
-287
983
-445
-181
-46
331
-695
800
-327
90
549
745
-768
8
-697
-682
733
-91
752
226
826
515
542
-417
-419
-213
373
-607
878
-979
669
-368
-702
899
669
-357
595
791
-608
946
-521
667
-363
883
-313
194
-589
55
-934
-215
-973
-59
758
-282
-560
751
495
-253
379
-858
-544
-894
-700
-836
196
-751
266
-426
-271
-753
-510
456
-960
358
-556
26
-24
-34
220
394
789
-175
-883
-866
436
-667
-677
-442
-873
-572
-11
721
631
632
1000
446
335
-276
313
848
173
-380
-151
230
-806
96
-365
-413
764
-791
-881
412
165
478
-582
-984
-285
-798
628
-837
439
639
247
-552
-214
-782
305
572
-86
-593
-191
403
689
-557
-216
-411
-335
723
345
-672
56
328
-989
-98
995
-99
770
-428
203
880
-703
513
-379
-26
-851
-370
-489
-334
774
-727
73
527
-263
158
-270
-818
683
128
-132
-132
-739
-235
-945
692
-539
-659
-449
-43
-337
-901
-746
-804
48
437
-862
-59
971
-778
-289
647
388
141
67
710
521
797
-329
48
-467
59
207
-677
-796
-918
524
-430
336
-635
-7
722
-57
240
448
321
139
241
278
586
97
984
223
-111
-563
347
944
-269
-18
54
-457
309
932
-943
-132
920
206
532
-353
-425
-51
736
296
-516
-983
514
580
329
-364
806
-796
-379
-648
142
-80
-129
914
863
-287
766
-212
-507
278
111
-394
-396
-873
908
92
350
-608
597
-301
814
674
246
558
-646
-853
261
183
178
-497
-948
831
544
329
9
-587
-819
21
145
416
-205
435
786
-568
839
142
831
-440
161
370
249
-783
528
502
-274
-292
-367
334
-306
267
-328
-771
305
-770
-684
-263
-654
511
536
-672
-399
602
537
445
668
951
900
254
904
-241
-115
-801
803
5
-151
-260
-139
787
-296
-500
801
987
461
459
-149
-327
26
-195
-258
671
-377
578
-974
-700
480
-658
-590
-614
-231
-214
-111
374
-849
-638
630
-418
-244
860
811
-507
-70
163
917
321
675
-662
-661
46
338
681
-436
-371
824
373
-281
131
348
0
797
-839
622
342
-526
198
-802
573
139
124
708
-734
454
-386
-282
-511
-396
-107
995
628
216
-174
171
607
-127
-714
921
-349
142
345
114
873
60
919
-329
-394
-851
222
-713
631
217
-392
-381
219
395
224
-949
275
216
244
752
758
858
-592
357
35
-882
-895
323
854
169
273
780
225
-312
-962
511
638
-418
-794
-387
-211
-831
-547
-677
262
465
-602
524
-559
-41
593
517
-628
194
-61
-201
232
320
0
784
-395
-164
-719
665
874
-250
-352
966
-323
497
-235
703
-387
158
666
547
-858
-277
408
-127
-992
463
-889
-799
-622
-162
-354
-867
400
765
728
-377
882
600
227
183
-580
700
-848
433
439
-949
947
-663
340
-860
481
384
237
-43
436
-987
-407
841
-314
-349
-503
711
669
878
-720
193
786
447
-309
-915
414
-869
-10
700
-761
-269
912
712
-687
944
743
-690
-499
-741
-526
-310
-227
-433
388
-748
-810
743
-688
170
384
105
-734
-513
-203
370
240
-667
-951
469
466
-574
405
-556
659
634
517
519
490
36
-654
404
760
677
-474
902
-349
972
-753
-21
815
-367
-758
-416
-984
-138
-591
-268
-386
-437
-808
602
-773
392
-30
766
616
-468
-615
28
-991
303
790
-173
-100
908
-175
661
-308
952
501
583
459
711
-906
-549
566
555
-316
325
-56
-584
217
169
385
-245
595
849
-610
67
500
314
844
649
405
780
-976
114
527
-205
357
888
-616
-903
-294
-170
20
-637
937
-986
-8
109
-910
-291
765
-681
-484
-363
-701
649
58
-288
-724
-491
-479
-397
-295
737
-491
-238
418
100
-985
779
-618
-524
71
-642
-336
-848
248
-411
401
434
-196
688
196
-500
-95
-65
977
-732
-535
137
-459
-58
-94
632
788
855
-594
-434
923
246
-954
999
804
-317
680
-764
-942
-7
328
720
-427
-238
-587
781
550
-260
-726
636
418
805
24
-914
-384
-458
-932
-427
479
-46
-641
479
309
314
826
853
-951
787
311
-899
958
52
-172
625
-844
-115
-12
-154
996
-571
-976
634
824
-303
17
747
896
-245
-358
573
970
980
-966
203
388
824
-787
-350
-626
555
-56
915
669
650
-171
-506
674
648
-983
926
792
-397
-34
-959
823
567
388
635
932
-58
-313
534
965
-17
37
-815
-274
273
-465
261
160
-447
-186
91
-621
921
-42
172
921
-831
583
501
736
728
566
-996
-8
570
47
969
-995
296
-953
47
-677
-421
-656
-875
-656
-831
73
-813
683
-265
957
-880
-12
967
996
-643
-143
-439
-966
-762
-874
984
-330
19
872
237
-333
545
214
-754
218
833
-800
931
-780
-28
927
558
-947
-878
-622
-454
-743
-300
-566
-480
-11
-721
993
-850
-841
-755
208
-956
-250
743
-516
823
-17
-883
49
-635
-299
-316
690
209
-354
-571
-474
-936
125
18
607
-487
-1
-642
-469
98
-137
-100
292
-803
862
-178
-860
-636
636
314
349
149
590
271
-524
-220
-128
900
-32
-430
-759
956
764
416
357
647
-70
339
914
583
291
-337
-469
-405
-446
119
333
-287
-561
-41
-248
159
6
954
-756
803
513
-922
-664
-770
935
623
686
270
544
-512
714
672
-132
-494
-270
450
-239
-221
507
346
315
-790
-274
-143
940
691
853
312
-973
-267
-343
598
316
718
-208
-687
-640
402
650
345
-752
826
-951
-797
174
363
220
746
346
274
16
-568
235
862
-672
643
252
50
-738
228
536
88
-199
-997
-249
932
-605
-388
-482
-166
209
921
446
-315
-409
-133
600
-275
753
597
-353
-607
606
-387
-6
-718
237
-343
-292
439
-394
98
-771
574
701
-294
482
-857
615
860
-661
716
-225
497
104
-438
924
373
160
-29
-662
-401
-215
459
260
-173
681
-280
-465
-60
829
-44
52
662
885
-960
-260
114
546
865
599
995
47
-824
518
840
281
225
481
571
907
-365
-822
-560
-768
-969
-994
375
-310
181
-40
734
268
676
-957
-475
392
-520
452
-770
434
-885
34
602
302
-345
289
-16
-658
253
-475
-977
191
505
716
29
-856
560
29
608
-890
-347
82
740
275
-564
537
-31
257
-625
826
26
-328
321
506
851
847
-633
42
-270
659
64
640
62
-568
-783
184
122
188
553
-718
-876
619
823
973
-137
-354
-880
-262
270
-372
-461
100
325
-98
730
363
-65
-357
-723
765
-347
-184
-550
-287
-639
-614
-649
652
453
-125
-777
-403
451
876
-698
-612
-530
-820
436
-663
-487
-187
470
64
174
460
-687
-926
15
-480
-430
895
-399
316
-391
422
-7
-88
30
-421
-647
385
653
-703
238
-585
-661
-570
-860
-365
207
247
-97
290
-814
855
-275
457
-821
95
653
313
-380
247
694
-216
-318
-776
999
243
-991
857
887
905
455
-691
946
-965
50
731
-87
180
148
839
-418
-766
580
-739
-391
-642
-520
226
754
-491
460
437
833
675
-220
838
452
-252
277
-634
-529
450
-77
772
36
694
132
-877
47
-645
152
678
-57
529
-740
-487
-188
64
-182
-529
-992
-615
-243
-194
694
-525
524
234
-981
-796
149
16
-994
-799
695
-851
658
902
-913
-189
-733
521
74
761
-555
-714
-102
591
-946
491
-843
-594
825
657
-721
841
239
409
-927
-881
28
561
-136
-697
502
330
-90
841
844
-387
942
-953
-484
-182
10
251
-73
-139
73
16
668
-349
-773
35
-223
616
868
105
-292
-352
-342
922
32
-788
679
-648
206
332
-133
295
-807
618
470
307
211
620
-913
-286
-580
374
-381
155
973
230
433
-848
-462
-225
908
653
-872
6
619
281
-128
758
-535
468
228
-145
182
-382
-939
437
-89
960
-10
489
739
857
-533
-274
469
-986
150
-330
269
203
321
-991
-702
963
313
156
-66
-970
243
278
803
186
-331
-970
448
686
-746
-290
190
-555
967
630
496
763
931
-884
-999
-457
-375
-251
215
648
-180
-800
920
355
-634
326
-747
684
-243
94
-419
818
246
-698
-608
-242
-786
-904
640
945
-517
-152
263
627
315
56
884
-571
-59
659
-842
821
648
-624
-384
915
-321
510
434
-572
-490
42
87
-497
422
-244
531
584
709
-344
-774
-441
-641
1000
-893
992
573
895
426
-600
-863
-410
-711
-707
278
-643
650
-76
-561
-832
571
-401
144
235
-393
755
30
-46
336
19
26
-247
-742
977
-354
-47
535
-513
427
-170
415
19
-378
-196
519
731
-521
899
-314
775
-374
437
-466
-324
-588
335
519
-487
-598
-742
885
133
653
443
617
-348
880
-961
285
-937
177
429
468
986
-444
223
-616
261
-741
-672
253
402
517
-168
-6
765
244
-681
890
687
996
665
-978
825
477
-635
-523
478
-170
-995
600
728
21
-357
-123
936
725
-498
452
329
303
-306
-279
-800
688
449
-34
-414
-693
-257
-428
-789
-481
-864
17
929
-534
-865
520
960
753
-523
-981
784
867
329
951
-263
919
613
233
63
913
-594
-233
-549
514
-322
-168
-43
77
518
-204
589
561
423
-276
-169
-134
240
-338
-112
-856
-94
-346
563
-354
264
867
-708
807
-76
-410
-867
-552
-624
-649
249
175
399
-118
783
396
168
-731
-56
-285
405
-763
-425
882
431
-730
514
-9
-970
980
665
-873
-335
12
832
-686
778
639
113
-740
-337
179
921
152
694
344
542
540
604
769
-432
209
910
52
-521
-125
610
-113
221
523
824
111
-307
236
-797
828
722
-499
-424
167
-657
137
-385
682
951
236
47
-84
271
-215
-610
-759
970
-970
55
-280
-755
46
-770
448
703
-535
960
-411
-513
863
525
-837
751
938
354
-467
287
243
510
482
408
-976
54
802
-950
-534
508
-606
-575
-448
-933
11
569
630
-817
-996
631
787
-243
663
865
-818
-732
110
942
585
-135
-921
-600
555
703
-637
863
-77
-378
245
-8
547
-369
-206
-977
663
-381
-433
-748
-420
-806
-60
834
-41
-361
-926
-143
-537
579
357
840
166
-843
-961
484
-197
-737
743
820
-346
682
555
728
-315
-115
-539
216
393
-345
-935
-186
763
-288
-301
-30
702
-909
-659
441
387
-868
-968
-681
46
-344
944
-446
-91
119
-356
-366
-749
386
-349
392
-211
119
968
-128
37
-273
869
603
-357
-693
1000
699
240
-889
-462
-221
-139
-356
-953
873
-391
-256
-465
195
-71
700
-839
-62
-437
-184
88
-891
-909
-326
28
-183
786
-183
-804
-592
-524
-444
-440
359
-951
167
582
-45
331
-106
946
424
136
-160
-833
-574
490
-917
-562
567
-740
-809
590
-20
707
-353
-399
-112
855
676
768
-433
-5
442
-687
135
-885
-347
15
209
599
242
-751
614
178
-22
719
59
730
-371
-867
-21
-671
-432
86
-431
701
661
481
-518
-896
-356
-27
583
604
241
134
741
679
-158
288
-323
136
-359
-700
-395
-561
-108
-999
-435
-263
-872
-610
182
82
-950
244
892
653
-865
394
-397
-830
988
521
-767
61
-80
56
585
-504
342
-459
623
-106
164
607
-621
-853
-410
666
-571
492
-555
312
-843
651
-512
499
896
720
46
-403
-589
94
731
-394
-822
675
25
-5
449
581
-950
889
178
-376
11
696
539
935
438
612
-984
301
656
-68
-220
997
-309
-408
454
-800
199
968
-727
-556
-23
562
-923
989
75
965
662
464
-389
207
575
-310
-965
-549
-398
214
738
896
-68
-257
698
-323
-753
409
-874
-400
846
600
-4
607
310
946
747
18
-804
975
456
-196
770
-58
-633
407
-112
-617
755
-40
803
57
-188
138
883
103
-496
349
-999
503
126
470
746
198
-295
930
444
610
306
-437
522
-282
813
-609
-287
-672
-182
229
-737
-267
874
-136
392
-434
576
-567
-964
-685
-348
587
-851
729
594
-948
-291
-894
220
262
952
-647
-7
-101
370
-391
942
-630
500
207
-428
-483
662
828
300
-802
-567
758
625
755
-116
401
-496
-157
-608
371
-791
632
159
-160
337
936
-490
135
553
-499
500
-966
181
-633
-620
-312
-196
-993
-909
-376
658
742
-900
-62
-190
-132
-394
407
849
-151
446
-953
-870
966
-129
378
519
-111
-257
-426
-36
-226
-277
-437
-694
715
-485
-850
208
609
-657
264
312
861
484
-426
321
-265
-76
-152
-953
592
-34
-287
202
813
963
728
-841
-247
-725
84
-228
714
-984
-360
920
671
-840
-500
-543
188
-770
887
882
857
880
678
-735
423
-528
645
-330
779
971
166
-340
968
-623
-10
-643
456
279
494
-85
-937
-869
770
351
-864
329
925
149
852
-679
947
258
808
597
-319
-255
-486
-350
561
-355
814
766
-958
-664
-206
868
-73
176
-682
522
-820
58
968
710
213
-962
-117
-26
-862
274
730
-821
-973
123
-81
250
-190
444
-989
990
147
899
263
367
322
-640
-743
-509
-981
420
-360
917
-310
-580
-857
889
168
427
267
-344
138
-842
-743
97
-849
-33
-634
560
965
-299
750
15
176
496
-169
425
334
370
-540
585
-964
896
-194
-431
869
-894
520
419
-533
364
-546
-279
-546
-74
-40
333
-402
-395
-359
656
95
94
303
602
-414
-715
-176
-350
-751
216
-327
262
99
-819
879
328
-509
937
414
-731
-236
-14
-861
-26
-96
452
-263
848
222
196
398
870
78
-481
-611
-158
-83
-960
-871
-268
-908
-838
-133
-610
245
894
690
-167
-619
777
-823
741
220
-885
766
850
-157
817
643
-460
261
-242
798
36
-907
767
784
403
250
104
678
771
237
-407
752
84
-509
-541
443
-934
-956
367
-642
82
698
149
-751
-910
-86
-737
172
-15
652
-812
358
-706
503
-389
-276
-612
652
-470
-578
-806
410
222
303
687
400
374
-197
-605
-207
-345
-639
-406
-550
456
-807
-86
304
648
40
668
847
780
291
380
-773
-620
-180
-301
107
-276
801
182
195
791
797
-740
-857
-18
495
-872
372
-377
-398
246
-695
-732
-385
-304
492
-599
-531
721
130
-761
